#Q, Delta squared, T, L, analytical T, analytical L
0.01 0.0001 0.0183796 4.59491e-07 0.0183618 2.82381e-07
0.02 0.0001 0.0183796 1.83796e-06 0.0183618 1.12952e-06
0.03 0.0001 0.0183796 4.13541e-06 0.0183618 2.54143e-06
0.05 0.0001 0.0183796 1.14873e-05 0.0183618 7.05953e-06
0.1 0.0001 0.0183796 4.59491e-05 0.0183618 2.82381e-05
0.15 0.0001 0.0183796 0.000103385 0.0183618 6.35358e-05
0.2 0.0001 0.0183796 0.000183796 0.0183618 0.000112952
0.3 0.0001 0.0183796 0.000413541 0.0183618 0.000254143

0.01 0.04 0.0182661 4.56653e-07 0.0182461 2.80601e-07
0.02 0.04 0.0182661 1.82661e-06 0.0182461 1.12241e-06
0.03 0.04 0.0182661 4.10988e-06 0.0182461 2.52541e-06
0.05 0.04 0.0182661 1.14163e-05 0.0182461 7.01504e-06
0.1 0.04 0.0182661 4.56653e-05 0.0182461 2.80601e-05
0.15 0.04 0.0182661 0.000102747 0.0182461 6.31353e-05
0.2 0.04 0.0182661 0.000182661 0.0182461 0.000112241
0.3 0.04 0.0182661 0.000410988 0.0182461 0.000252541

0.01 0.16 0.017929 4.48225e-07 0.0179589 2.76184e-07
0.02 0.16 0.017929 1.7929e-06 0.0179589 1.10474e-06
0.03 0.16 0.017929 4.03403e-06 0.0179589 2.48566e-06
0.05 0.16 0.017929 1.12056e-05 0.0179589 6.9046e-06
0.1 0.16 0.017929 4.48225e-05 0.0179589 2.76184e-05
0.15 0.16 0.017929 0.000100851 0.0179589 6.21414e-05
0.2 0.16 0.017929 0.00017929 0.0179589 0.000110474
0.3 0.16 0.017929 0.000403403 0.0179589 0.000248566

0.01 0.36 0.0173809 4.34523e-07 0.0173895 2.67428e-07
0.02 0.36 0.0173809 1.73809e-06 0.0173895 1.06971e-06
0.03 0.36 0.0173809 3.91071e-06 0.0173895 2.40685e-06
0.05 0.36 0.0173809 1.08631e-05 0.0173895 6.68571e-06
0.1 0.36 0.0173809 4.34523e-05 0.0173895 2.67428e-05
0.15 0.36 0.0173809 9.77677e-05 0.0173895 6.01714e-05
0.2 0.36 0.0173809 0.000173809 0.0173895 0.000106971
0.3 0.36 0.0173809 0.000391071 0.0173895 0.000240685

0.01 0.64 0.0166416 4.16041e-07 0.0166162 2.55536e-07
0.02 0.64 0.0166416 1.66416e-06 0.0166162 1.02214e-06
0.03 0.64 0.0166416 3.74437e-06 0.0166162 2.29982e-06
0.05 0.64 0.0166416 1.0401e-05 0.0166162 6.3884e-06
0.1 0.64 0.0166416 4.16041e-05 0.0166162 2.55536e-05
0.15 0.64 0.0166416 9.36091e-05 0.0166162 5.74956e-05
0.2 0.64 0.0166416 0.000166416 0.0166162 0.000102214
0.3 0.64 0.0166416 0.000374437 0.0166162 0.000229982

0.01 1 0.0157371 3.93428e-07 0.0157141 2.41662e-07
0.02 1 0.0157371 1.57371e-06 0.0157141 9.66647e-07
0.03 1 0.0157371 3.54085e-06 0.0157141 2.17496e-06
0.05 1 0.0157371 9.8357e-06 0.0157141 6.04154e-06
0.1 1 0.0157371 3.93428e-05 0.0157141 2.41662e-05
0.15 1 0.0157371 8.85213e-05 0.0157141 5.43739e-05
0.2 1 0.0157371 0.000157371 0.0157141 9.66647e-05
0.3 1 0.0157371 0.000354085 0.0157141 0.000217496

0.01 1.44 0.0146981 3.67452e-07 0.0146877 2.25877e-07
0.02 1.44 0.0146981 1.46981e-06 0.0146877 9.0351e-07
0.03 1.44 0.0146981 3.30707e-06 0.0146877 2.0329e-06
0.05 1.44 0.0146981 9.18631e-06 0.0146877 5.64694e-06
0.1 1.44 0.0146981 3.67452e-05 0.0146877 2.25877e-05
0.15 1.44 0.0146981 8.26768e-05 0.0146877 5.08224e-05
0.2 1.44 0.0146981 0.000146981 0.0146877 9.0351e-05
0.3 1.44 0.0146981 0.000330707 0.0146877 0.00020329

0.01 1.96 0.0135583 3.38956e-07 0.0135493 2.08371e-07
0.02 1.96 0.0135583 1.35583e-06 0.0135493 8.33484e-07
0.03 1.96 0.0135583 3.05061e-06 0.0135493 1.87534e-06
0.05 1.96 0.0135583 8.47391e-06 0.0135493 5.20927e-06
0.1 1.96 0.0135583 3.38956e-05 0.0135493 2.08371e-05
0.15 1.96 0.0135583 7.62652e-05 0.0135493 4.68835e-05
0.2 1.96 0.0135583 0.000135583 0.0135493 8.33484e-05
0.3 1.96 0.0135583 0.000305061 0.0135493 0.000187534

0.01 2.56 0.0123524 3.08811e-07 0.0123403 1.89778e-07
0.02 2.56 0.0123524 1.23524e-06 0.0123403 7.59114e-07
0.03 2.56 0.0123524 2.7793e-06 0.0123403 1.70801e-06
0.05 2.56 0.0123524 7.72028e-06 0.0123403 4.74446e-06
0.1 2.56 0.0123524 3.08811e-05 0.0123403 1.89778e-05
0.15 2.56 0.0123524 6.94825e-05 0.0123403 4.27001e-05
0.2 2.56 0.0123524 0.000123524 0.0123403 7.59114e-05
0.3 2.56 0.0123524 0.00027793 0.0123403 0.000170801

