#Q, Delta, Factor T,L; 1 values of Q (for Gnuplot)
#1, 2,            3,4
Q=0.3
0.3 0.001 0.501006 0.501006
0.3 0.02 0.501592 0.501592
0.3 0.04 0.503354 0.503354
0.3 0.06 0.506283 0.506283
0.3 0.08 0.288819 0.288819
0.3 0.1 0.301276 0.301276
0.3 0.13 0.733419 0.733419
0.3 0.17 0.817153 0.817166
0.3 0.2 0.814527 0.814495
0.3 0.3 0.782402 0.782402
0.3 0.4 0.765008 0.765008
0.3 0.5 1.36467 1.36467
0.3 0.6 2.55905 2.55905
0.3 0.7 1.4244 1.4244
0.3 0.8 4.26043 4.26023
0.3 0.9 31.1643 31.1643
0.3 1 101.936 101.936
0.3 1.1 1844.94 1844.94
0.3 1.2 6879.79 6879.79
0.3 1.3 37119.2 37119.2
0.3 1.4 3700.7 3700.7
0.3 1.5 2666.64 2666.64
0.3 1.7 24048.3 24048.3
0.3 1.8 43224.1 43224.1
0.3 1.9 933698 933698
0.3 2 3.01897e+06 3.01897e+06
0.3 2.3 1.36621e+06 1.36621e+06
0.3 2.7 3.26712e+08 3.26712e+08
0.3 3 2.1145e+08 2.1145e+08
0.3 3.3 8.15115e+10 8.15115e+10
0.3 3.7 1.53267e+09 1.53267e+09
0.3 4 1.92958e+10 1.92529e+10


