#Q, Delta, Factor T,L; 1 values of Q (for Gnuplot)
#1, 2,            3,4
Q=0.3
0.3 0.001 0.0814626 0.0814626
0.3 0.02 0.0817903 0.0817903
0.3 0.04 0.0827696 0.0827696
0.3 0.06 0.084381 0.084381
0.3 0.08 0.0851146 0.0851146
0.3 0.1 0.0871461 0.0871461
0.3 0.13 0.0924347 0.0924347
0.3 0.17 0.0999779 0.0999779
0.3 0.2 0.106155 0.106155
0.3 0.3 0.0845482 0.0845482
0.3 0.4 0.11469 0.11469
0.3 0.5 0.188639 0.188639
0.3 0.6 0.2189 0.2189
0.3 0.7 0.4605 0.4605
0.3 0.8 0.279138 0.279138
0.3 0.9 1.61979 1.61979
0.3 1 3.84498 3.84498
0.3 1.1 13.6363 13.6363
0.3 1.2 156.586 156.586
0.3 1.3 2146.67 2146.67
0.3 1.4 261.849 261.849
0.3 1.5 430.186 430.186
0.3 1.7 1138.8 1138.8
0.3 1.8 1920.93 1920.93
0.3 1.9 2345.59 2345.59
0.3 2 206460 206460
0.3 2.3 151675 151675
0.3 2.7 2.89887e+06 2.89887e+06
0.3 3 2.31474e+06 2.31474e+06
0.3 3.3 2.40708e+09 2.40708e+09
0.3 3.7 2.05193e+08 2.05193e+08
0.3 4 5.46063e+07 5.4485e+07


