#Q, Delta, Ana T,L, Num T,L;   1 values of Q (for Gnuplot)
#1, 2,         3,4,     5,6
'Q=0.3'
0.3 0.001 2300.7 31.8437 9147.16 126.604
0.3 0.01 2299.79 31.831 9143.54 126.554
0.3 0.02 2297.03 31.7929 9132.57 126.402
0.3 0.05 2277.82 31.5269 9056.2 125.345
0.3 0.1 2210.5 30.5952 8788.52 121.64
0.3 0.3 1605.15 22.2167 6378.7 88.2865
0.3 0.5 846.385 11.7147 3365 46.5744
0.3 0.7 324.075 4.48546 1288.5 17.834
0.3 1 42.139 0.583239 167.568 2.31928
0.3 1.2 7.2498 0.100343 28.9625 0.400865
0.3 1.5 0.283931 0.00392983 1.12164 0.0155244
0.3 1.7 0.0219492 0.000303795 0.0904287 0.00125161
0.3 1.8 0.0054126 7.49149e-05 0.0211553 0.000292807
0.3 1.9 0.00123211 1.70535e-05 0.00539139 7.46213e-05
0.3 2 0.000258911 3.58355e-06 0.000516367 7.14695e-06
0.3 2.05 0.000115179 1.59417e-06 0.00040643 5.62533e-06
0.3 2.1 5.02236e-05 6.95136e-07 0.000347435 4.80905e-06
0.3 2.11 4.24397e-05 5.87401e-07 0.000303728 4.20246e-06
0.3 2.12 3.58336e-05 4.95966e-07 0.000255137 3.53131e-06
0.3 2.13 3.02315e-05 4.18429e-07 0.000186757 2.58488e-06
0.3 2.15 2.14663e-05 2.97112e-07 0.000136784 1.8932e-06
0.3 2.16 1.8067e-05 2.50062e-07 0.000113494 1.57086e-06
0.3 2.17 1.51938e-05 2.10294e-07 0.00011484 1.58948e-06
0.3 2.18 1.27673e-05 1.7671e-07 9.93395e-05 1.37494e-06
0.3 2.19 1.07197e-05 1.4837e-07 8.065e-05 1.11721e-06
0.3 2.2 8.99335e-06 1.24475e-07 2.10082e-05 2.90771e-07
0.3 2.21 7.53897e-06 1.04346e-07 1.44148e-05 1.99513e-07
0.3 2.22 6.31473e-06 8.74011e-08 4.59165e-05 6.35522e-07
0.3 2.23 5.28507e-06 7.31497e-08 3.36546e-05 4.65808e-07
0.3 2.24 4.41976e-06 6.11731e-08 1.63694e-05 2.26566e-07
0.3 2.25 3.69317e-06 5.11165e-08 4.30604e-05 5.95991e-07
0.3 2.26 3.08356e-06 4.2679e-08 9.16877e-05 1.26903e-06
0.3 2.27 2.57252e-06 3.56058e-08 7.65039e-06 1.05888e-07
0.3 2.28 2.14445e-06 2.9681e-08 0.000286186 3.96105e-06
0.3 2.29 1.78619e-06 2.47224e-08 0.000478268 6.61962e-06
0.3 2.3 1.48659e-06 2.05756e-08 0.000463972 6.42176e-06
0.3 2.45 8.59908e-08 1.19018e-09 5.85228e-05 8.10004e-07
0.3 2.5 3.19522e-08 4.42245e-10 4.36427e-06 6.04052e-08
0.3 2.55 1.16376e-08 1.61074e-10 1.196e-05 1.65536e-07
0.3 2.6 4.1547e-09 5.75045e-11 3.12069e-05 4.3193e-07
0.3 2.65 1.45389e-09 2.0123e-11 1.31851e-06 1.82493e-08
0.3 2.7 4.98695e-10 6.90236e-12 0.000714455 9.88866e-06
0.3 2.75 1.6767e-10 2.32069e-12 0.000166191 2.30022e-06
0.3 2.8 5.5257e-11 7.64803e-13 6.34501e-05 8.78043e-07
0.3 2.9 5.65192e-12 7.82273e-14 2.08809e-05 2.8901e-07
0.3 3 5.33656e-13 7.38624e-15 1.51063e-05 2.09084e-07
0.3 3.3 2.77968e-16 3.84731e-18 0.00172167 2.38294e-05
0.3 3.7 3.80099e-21 5.26088e-23 0.000219432 3.03712e-06
0.3 4 3.68991e-25 5.10714e-27 0.000101512 1.40499e-06


