#Q, Delta, Ana T,L, Num T,L;   2 values of Q (for Gnuplot)
#1, 2,         3,4,     5,6
'Q=0.03'
0.03 1.8 0.00571537 7.91055e-07 0.0314503 4.35298e-06
0.03 1.9 0.00130103 1.80074e-07 0.0256964 3.5566e-06
0.03 2 0.000273394 3.784e-08 0.0076422 1.05774e-06
0.03 2.05 0.000121622 1.68334e-08 0.0141773 1.96226e-06
0.03 2.1 5.3033e-05 7.34021e-09 0.000898503 1.2436e-07
0.03 2.11 4.48138e-05 6.2026e-09 0.00830527 1.14952e-06
0.03 2.12 3.7838e-05 5.2371e-09 0.0507001 7.01732e-06
0.03 2.13 3.19226e-05 4.41836e-09 0.000298323 4.12903e-08
0.03 2.15 2.26671e-05 3.13732e-09 0.00832812 1.15268e-06
0.03 2.16 1.90776e-05 2.6405e-09 0.0162163 2.24448e-06
0.03 2.17 1.60437e-05 2.22058e-09 0.0148968 2.06184e-06
0.03 2.18 1.34815e-05 1.86595e-09 0.00311325 4.309e-07
0.03 2.19 1.13194e-05 1.56669e-09 0.0521506 7.21807e-06
0.03 2.2 9.49642e-06 1.31438e-09 0.0180782 2.50217e-06
0.03 2.21 7.96069e-06 1.10182e-09 0.00742848 1.02816e-06
0.03 2.22 6.66797e-06 9.22902e-10 0.0326644 4.52103e-06
0.03 2.23 5.5807e-06 7.72416e-10 0.00743986 1.02974e-06
0.03 2.24 4.66699e-06 6.45951e-10 0.0135284 1.87245e-06
0.03 2.25 3.89976e-06 5.39759e-10 0.0218237 3.02057e-06
0.03 2.26 3.25605e-06 4.50664e-10 0.015368 2.12706e-06
0.03 2.27 2.71642e-06 3.75975e-10 0.00239421 3.31379e-07
0.03 2.28 2.26441e-06 3.13413e-10 0.0501406 6.93987e-06
0.03 2.29 1.88611e-06 2.61053e-10 0.028911 4.00152e-06
0.03 2.3 1.56975e-06 2.17266e-10 0.00121017 1.67498e-07
0.03 2.45 9.0801e-08 1.25676e-11 0.00464951 6.4353e-07
0.03 2.5 3.37395e-08 4.66983e-12 0.0138934 1.92297e-06
0.03 2.55 1.22886e-08 1.70084e-12 0.0199045 2.75495e-06
0.03 2.6 4.38711e-09 6.07212e-13 0.0113248 1.56744e-06
0.03 2.65 1.53521e-09 2.12486e-13 0.0179459 2.48387e-06
0.03 2.7 5.26592e-10 7.28847e-14 0.000275721 3.81621e-08
0.03 2.75 1.77049e-10 2.4505e-14 0.00749842 1.03784e-06
0.03 2.8 5.8348e-11 8.07585e-15 0.00448075 6.20173e-07
0.03 2.9 5.96808e-12 8.26032e-16 0.0290628 4.02253e-06
0.03 3 5.63508e-13 7.79941e-17 0.00704385 9.74928e-07


'Q=0.3'
0.3 1.8 0.0054126 7.49149e-05 0.0391237 0.000541504
0.3 1.9 0.00123211 1.70535e-05 0.0445994 0.000617292
0.3 2 0.000258911 3.58355e-06 0.00137875 1.90831e-05
0.3 2.05 0.000115179 1.59417e-06 0.00258109 3.57244e-05
0.3 2.1 5.02236e-05 6.95136e-07 0.0121898 0.000168717
0.3 2.11 4.24397e-05 5.87401e-07 0.021962 0.000303972
0.3 2.12 3.58336e-05 4.95966e-07 0.0269281 0.000372707
0.3 2.13 3.02315e-05 4.18429e-07 0.00294114 4.07079e-05
0.3 2.15 2.14663e-05 2.97112e-07 0.0116462 0.000161194
0.3 2.16 1.8067e-05 2.50062e-07 0.00827693 0.00011456
0.3 2.17 1.51938e-05 2.10294e-07 0.000739493 1.02352e-05
0.3 2.18 1.27673e-05 1.7671e-07 0.0389252 0.000538758
0.3 2.19 1.07197e-05 1.4837e-07 0.0178131 0.000246548
0.3 2.2 8.99335e-06 1.24475e-07 0.000448454 6.20698e-06
0.3 2.21 7.53897e-06 1.04346e-07 0.00675363 9.34759e-05
0.3 2.22 6.31473e-06 8.74011e-08 0.00029814 4.12651e-06
0.3 2.23 5.28507e-06 7.31497e-08 0.0206516 0.000285835
0.3 2.24 4.41976e-06 6.11731e-08 0.000397045 5.49543e-06
0.3 2.25 3.69317e-06 5.11165e-08 0.00220741 3.05525e-05
0.3 2.26 3.08356e-06 4.2679e-08 0.0290811 0.000402506
0.3 2.27 2.57252e-06 3.56058e-08 0.00241798 3.34669e-05
0.3 2.28 2.14445e-06 2.9681e-08 0.0225269 0.00031179
0.3 2.29 1.78619e-06 2.47224e-08 0.0316447 0.00043799
0.3 2.3 1.48659e-06 2.05756e-08 0.00335469 4.64318e-05
0.3 2.45 8.59908e-08 1.19018e-09 0.00483658 6.69423e-05
0.3 2.5 3.19522e-08 4.42245e-10 0.0019073 2.63986e-05
0.3 2.55 1.16376e-08 1.61074e-10 6.52187e-05 9.0268e-07
0.3 2.6 4.1547e-09 5.75045e-11 0.0200225 0.000277128
0.3 2.65 1.45389e-09 2.0123e-11 0.00936589 0.000129632
0.3 2.7 4.98695e-10 6.90236e-12 0.0130865 0.000181128
0.3 2.75 1.6767e-10 2.32069e-12 0.00613826 8.49587e-05
0.3 2.8 5.5257e-11 7.64803e-13 0.0531473 0.000735602
0.3 2.9 5.65192e-12 7.82273e-14 0.0108077 0.000149588
0.3 3 5.33656e-13 7.38624e-15 0.0255675 0.000353875


