#Q, Delta, Factor T,L; 1 values of Q (for Gnuplot)
#1, 2,            3,4
Q=0.3
0.3 0.001 0.591974 0.591974
0.3 0.02 0.592142 0.592142
0.3 0.04 0.592684 0.592684
0.3 0.06 4.3555 4.3555
0.3 0.08 0.744053 0.744053
0.3 0.1 1.35341 1.35341
0.3 0.13 0.62474 0.62474
0.3 0.17 0.304432 0.304432
0.3 0.2 0.326874 0.326874
0.3 0.3 0.308585 0.30659
0.3 0.4 0.339508 0.339508
0.3 0.5 0.415829 0.455847
0.3 0.6 0.52048 0.546721
0.3 0.7 0.694099 0.694099
0.3 0.8 1.01987 1.01987
0.3 0.9 2.25508 2.25508
0.3 1 6.27017 6.27017
0.3 1.1 38.4905 38.4905
0.3 1.2 666.561 666.561
0.3 1.3 3474.6 3474.6
0.3 1.4 153.892 153.892
0.3 1.5 707.48 707.48
0.3 1.7 5094.6 5094.6
0.3 1.8 6743.99 6743.99
0.3 1.9 48258.6 48258.6
0.3 2 1.31641e+06 1.31641e+06
0.3 2.3 279875 279875
0.3 2.7 4.61884e+07 4.61884e+07
0.3 3 3.74763e+06 3.74763e+06
0.3 3.3 7.13719e+09 7.13719e+09
0.3 3.7 4.38585e+08 4.38585e+08
0.3 4 1.17586e+09 1.17325e+09


