#Q, Delta, Factor T,L5 values of Q (for Gnuplot)
#1, 2,            3,4
Q=0.3
0.3 0.001 1.27075 1.27075
0.3 0.02 1.27101 1.27101
0.3 0.04 1.27182 1.27182
0.3 0.06 1.27321 1.27319
0.3 0.08 1.23774 1.23771
0.3 0.1 1.20339 1.20338
0.3 0.13 1.21425 1.21422
0.3 0.17 1.23468 1.23471
0.3 0.2 1.07852 1.07835
0.3 0.3 0.99625 0.99625
0.3 0.4 1.1026 1.1026
0.3 0.5 1.21663 1.21663
0.3 0.6 0.431254 0.431184
0.3 0.7 10.8124 10.8124
0.3 0.8 1.68696 1.68688
0.3 0.9 6.41258 6.41258
0.3 1 45.6598 46.0426
0.3 1.1 53.6209 53.6209
0.3 1.2 2204.43 2393.18
0.3 1.3 29745 29745
0.3 1.4 8101.48 8101.48
0.3 1.5 9918.76 9918.76
0.3 1.7 10941.9 10941.9
0.3 1.8 4908.67 4909.87
0.3 1.9 81293.4 81293.4
0.3 2 577125 577125
0.3 2.3 2.355e+06 2.35736e+06
0.3 2.7 5.28448e+08 5.28448e+08
0.3 3 8.08237e+06 8.08237e+06
0.3 3.3 2.3179e+10 2.3179e+10
0.3 3.7 7.1058e+08 7.22095e+08
0.3 4 7.03772e+09 7.02209e+09


