#Q, Delta, Ana T,L, Num T,L;   1 values of Q (for Gnuplot)
#1, 2,         3,4,     5,6
'Q=0.3'
0.3 0.001 2300.7 31.8437 9146.93 126.601
0.3 0.01 2299.79 31.831 9143.31 126.551
0.3 0.02 2297.03 31.7929 9132.35 126.399
0.3 0.05 2277.82 31.5269 9055.97 125.342
0.3 0.1 2210.5 30.5952 8788.37 121.638
0.3 0.3 1605.15 22.2167 6381.77 88.329
0.3 0.5 846.385 11.7147 3365.06 46.5752
0.3 0.7 324.075 4.48546 1288.41 17.8326
0.3 1 42.139 0.583239 167.586 2.31953
0.3 1.2 7.2498 0.100343 28.8994 0.399992
0.3 1.5 0.283931 0.00392983 1.12894 0.0156254
0.3 1.7 0.0219492 0.000303795 0.0877499 0.00121453
0.3 1.8 0.0054126 7.49149e-05 0.0213555 0.000295578
0.3 1.9 0.00123211 1.70535e-05 0.00487345 6.74526e-05
0.3 2 0.000258911 3.58355e-06 0.000926213 1.28196e-05
0.3 2.05 0.000115179 1.59417e-06 0.000437619 6.05702e-06
0.3 2.1 5.02236e-05 6.95136e-07 0.000677301 9.3744e-06
0.3 2.11 4.24397e-05 5.87401e-07 0.000132519 1.83453e-06
0.3 2.12 3.58336e-05 4.95966e-07 0.000112767 1.56078e-06
0.3 2.13 3.02315e-05 4.18429e-07 7.72642e-05 1.0694e-06
0.3 2.15 2.14663e-05 2.97112e-07 5.29153e-05 7.32391e-07
0.3 2.16 1.8067e-05 2.50062e-07 2.23833e-05 3.10168e-07
0.3 2.17 1.51938e-05 2.10294e-07 5.77578e-05 7.99415e-07
0.3 2.18 1.27673e-05 1.7671e-07 4.86175e-05 6.72896e-07
0.3 2.19 1.07197e-05 1.4837e-07 3.24685e-05 4.49391e-07
0.3 2.2 8.99335e-06 1.24475e-07 5.4757e-06 7.57883e-08
0.3 2.21 7.53897e-06 1.04346e-07 1.38675e-05 1.91937e-07
0.3 2.22 6.31473e-06 8.74011e-08 2.67088e-05 3.69671e-07
0.3 2.23 5.28507e-06 7.31497e-08 2.06549e-05 2.85881e-07
0.3 2.24 4.41976e-06 6.11731e-08 2.61732e-06 3.62259e-08
0.3 2.25 3.69317e-06 5.11165e-08 3.64549e-08 4.9988e-10
0.3 2.26 3.08356e-06 4.2679e-08 3.81603e-07 5.2817e-09
0.3 2.27 2.57252e-06 3.56058e-08 7.27707e-07 1.00721e-08
0.3 2.28 2.14445e-06 2.9681e-08 3.31887e-06 4.57567e-08
0.3 2.29 1.78619e-06 2.47224e-08 5.15443e-06 7.13536e-08
0.3 2.3 1.48659e-06 2.05756e-08 4.12787e-06 5.71332e-08
0.3 2.45 8.59908e-08 1.19018e-09 8.18923e-07 1.13346e-08
0.3 2.5 3.19522e-08 4.42245e-10 2.54106e-06 3.51704e-08
0.3 2.55 1.16376e-08 1.61074e-10 1.69831e-07 2.35061e-09
0.3 2.6 4.1547e-09 5.75045e-11 1.90998e-07 2.64357e-09
0.3 2.65 1.45389e-09 2.0123e-11 1.79856e-05 2.48935e-07
0.3 2.7 4.98695e-10 6.90236e-12 0.000244611 3.38562e-06
0.3 2.75 1.6767e-10 2.32069e-12 0.000245391 3.39642e-06
0.3 2.8 5.5257e-11 7.64803e-13 2.65645e-06 3.67674e-08
0.3 2.9 5.65192e-12 7.82273e-14 2.56446e-06 3.54943e-08
0.3 3 5.33656e-13 7.38624e-15 1.14792e-06 1.58881e-08
0.3 3.3 2.77968e-16 3.84731e-18 1.27492e-06 1.76459e-08
0.3 3.7 3.80099e-21 5.26088e-23 4.1221e-06 5.70533e-08
0.3 4 3.68991e-25 5.10714e-27 1.23659e-05 1.71154e-07


