#Q, Delta, Factor T,L5 values of Q (for Gnuplot)
#1, 2,            3,4
'Q=0.01'
0.01 0.001 1.26965 1.26965
0.01 0.02 1.26991 1.26991
0.01 0.04 1.27071 1.2707
0.01 0.06 1.27206 1.27205
0.01 0.08 1.23735 1.23731
0.01 0.1 1.20225 1.20225
0.01 0.13 1.21316 1.21319
0.01 0.17 1.23342 1.23351
0.01 0.2 1.07945 1.07945
0.01 0.3 1.04388 1.04388
0.01 0.4 1.10106 1.10106
0.01 0.5 1.21311 1.21311
0.01 0.6 0.426965 0.427085
0.01 0.7 10.833 10.833
0.01 0.8 1.71016 1.71016
0.01 0.9 6.43002 6.42439
0.01 1 46.4748 46.6365
0.01 1.1 59.0454 59.0454
0.01 1.2 2370.05 2370.05
0.01 1.3 25955.8 25955.8
0.01 1.4 7806.59 7806.59
0.01 1.5 9686.11 9686.11
0.01 1.7 10771.2 10771.2
0.01 1.8 5415.83 5415.83
0.01 1.9 84870.8 84870.8
0.01 2 649680 627739
0.01 2.3 2.29858e+06 2.33956e+06
0.01 2.7 5.39316e+08 5.38805e+08
0.01 3 4.20054e+07 4.20054e+07
0.01 3.3 1.95208e+10 1.95208e+10
0.01 3.7 1.49708e+10 1.49979e+10
0.01 4 4.15718e+09 4.16284e+09


'Q=0.05'
0.05 0.001 1.26968 1.26968
0.05 0.02 1.26994 1.26994
0.05 0.04 1.27073 1.27074
0.05 0.06 1.27208 1.27209
0.05 0.08 1.23733 1.23739
0.05 0.1 1.20228 1.20229
0.05 0.13 1.21319 1.2132
0.05 0.17 1.23346 1.23346
0.05 0.2 1.07937 1.07937
0.05 0.3 1.0439 1.0439
0.05 0.4 1.1011 1.1011
0.05 0.5 1.2132 1.2132
0.05 0.6 0.42708 0.42708
0.05 0.7 10.8324 10.8324
0.05 0.8 1.70961 1.70953
0.05 0.9 6.42408 6.42408
0.05 1 46.5201 46.5201
0.05 1.1 56.9432 56.9432
0.05 1.2 2574.16 2352.51
0.05 1.3 26047.8 26047.8
0.05 1.4 7814.25 7814.25
0.05 1.5 9692.26 9692.26
0.05 1.7 10775.7 10775.7
0.05 1.8 5401.28 5404.11
0.05 1.9 84766.4 84766.4
0.05 2 647508 689099
0.05 2.3 2.31988e+06 2.31988e+06
0.05 2.7 5.38442e+08 5.38442e+08
0.05 3 4.27571e+07 4.27571e+07
0.05 3.3 1.9561e+10 1.9561e+10
0.05 3.7 1.49797e+10 1.50069e+10
0.05 4 3.64036e+09 3.68457e+09


'Q=0.1'
0.1 0.001 1.26977 1.26977
0.1 0.02 1.27004 1.27004
0.1 0.04 1.27083 1.27084
0.1 0.06 1.2722 1.27221
0.1 0.08 1.23735 1.23735
0.1 0.1 1.20238 1.20238
0.1 0.13 1.21329 1.21328
0.1 0.17 1.2336 1.23366
0.1 0.2 1.07928 1.07934
0.1 0.3 1.04397 1.04397
0.1 0.4 1.10123 1.10123
0.1 0.5 1.2135 1.2135
0.1 0.6 0.427415 0.427654
0.1 0.7 10.8307 10.8307
0.1 0.8 1.70757 1.70757
0.1 0.9 6.42313 6.42313
0.1 1 46.9214 46.9214
0.1 1.1 55.6955 56.7416
0.1 1.2 2592.38 2350.71
0.1 1.3 26338.3 26338.3
0.1 1.4 7838.26 7838.26
0.1 1.5 9715.71 9715.71
0.1 1.7 10789.9 10789.9
0.1 1.8 5361.73 5358.84
0.1 1.9 84441.4 84441.4
0.1 2 619317 619317
0.1 2.3 2.33322e+06 2.31331e+06
0.1 2.7 5.34226e+08 5.3574e+08
0.1 3 2.16104e+07 2.16104e+07
0.1 3.3 2.20439e+10 2.20439e+10
0.1 3.7 1.59597e+10 1.51706e+10
0.1 4 3.71584e+09 3.71584e+09


'Q=0.2'
0.2 0.001 1.27014 1.27014
0.2 0.02 1.27041 1.27041
0.2 0.04 1.2712 1.2712
0.2 0.06 1.27256 1.27256
0.2 0.08 1.23762 1.23749
0.2 0.1 1.20276 1.20277
0.2 0.13 1.21364 1.21365
0.2 0.17 1.23402 1.23399
0.2 0.2 1.07893 1.07899
0.2 0.3 0.995604 0.995517
0.2 0.4 1.10175 1.10175
0.2 0.5 1.21468 1.21468
0.2 0.6 0.429076 0.429195
0.2 0.7 10.8238 10.8238
0.2 0.8 1.69977 1.69985
0.2 0.9 6.42504 6.42504
0.2 1 46.1991 46.1106
0.2 1.1 54.9023 55.9469
0.2 1.2 2281.5 2293.74
0.2 1.3 27547.3 27547.3
0.2 1.4 7932.34 7932.34
0.2 1.5 9793.34 9793.34
0.2 1.7 10847.8 10847.8
0.2 1.8 5191.44 5190.39
0.2 1.9 83162.6 83162.6
0.2 2 595120 595120
0.2 2.3 2.37475e+06 2.33279e+06
0.2 2.7 5.3251e+08 5.3251e+08
0.2 3 7.68627e+06 7.68627e+06
0.2 3.3 2.11008e+10 2.11008e+10
0.2 3.7 1.62161e+10 1.63934e+10
0.2 4 4.38371e+09 4.34239e+09


'Q=0.3'
0.3 0.001 1.27075 1.27075
0.3 0.02 1.27101 1.27101
0.3 0.04 1.27182 1.27182
0.3 0.06 1.27321 1.27319
0.3 0.08 1.23774 1.23771
0.3 0.1 1.20339 1.20338
0.3 0.13 1.21425 1.21422
0.3 0.17 1.23468 1.23471
0.3 0.2 1.07852 1.07835
0.3 0.3 0.99625 0.99625
0.3 0.4 1.1026 1.1026
0.3 0.5 1.21663 1.21663
0.3 0.6 0.431254 0.431184
0.3 0.7 10.8124 10.8124
0.3 0.8 1.68696 1.68688
0.3 0.9 6.41258 6.41258
0.3 1 45.6598 46.0426
0.3 1.1 53.6209 53.6209
0.3 1.2 2204.43 2393.18
0.3 1.3 29745 29745
0.3 1.4 8101.48 8101.48
0.3 1.5 9918.76 9918.76
0.3 1.7 10941.9 10941.9
0.3 1.8 4908.67 4909.87
0.3 1.9 81293.4 81293.4
0.3 2 577125 577125
0.3 2.3 2.355e+06 2.35736e+06
0.3 2.7 5.28448e+08 5.28448e+08
0.3 3 8.08237e+06 8.08237e+06
0.3 3.3 2.3179e+10 2.3179e+10
0.3 3.7 7.1058e+08 7.22095e+08
0.3 4 7.03772e+09 7.02209e+09


