#Q, Delta, Ana T,L, Num T,L;   1 values of Q (for Gnuplot)
#1, 2,         3,4,     5,6
'Q=0.3'
0.3 0.001 2300.7 31.8437 9147.07 126.603
0.3 0.01 2299.79 31.831 9143.45 126.553
0.3 0.02 2297.03 31.7929 9132.48 126.401
0.3 0.05 2277.82 31.5269 9056.12 125.344
0.3 0.1 2210.5 30.5952 8788.53 121.641
0.3 0.3 1605.15 22.2167 6378.61 88.2852
0.3 0.5 846.385 11.7147 3365 46.5744
0.3 0.7 324.075 4.48546 1288.5 17.834
0.3 1 42.139 0.583239 167.613 2.3199
0.3 1.2 7.2498 0.100343 28.9723 0.401001
0.3 1.5 0.283931 0.00392983 1.12227 0.0155332
0.3 1.7 0.0219492 0.000303795 0.0910535 0.00126026
0.3 1.8 0.0054126 7.49149e-05 0.0213165 0.000295038
0.3 1.9 0.00123211 1.70535e-05 0.00543475 7.52215e-05
0.3 2 0.000258911 3.58355e-06 0.00016497 2.28332e-06
0.3 2.05 0.000115179 1.59417e-06 0.000346557 4.79664e-06
0.3 2.1 5.02236e-05 6.95136e-07 0.000327294 4.53003e-06
0.3 2.11 4.24397e-05 5.87401e-07 0.000285308 3.94889e-06
0.3 2.12 3.58336e-05 4.95966e-07 0.000223429 3.09245e-06
0.3 2.13 3.02315e-05 4.18429e-07 0.000174584 2.41638e-06
0.3 2.15 2.14663e-05 2.97112e-07 0.000117996 1.63316e-06
0.3 2.16 1.8067e-05 2.50062e-07 9.91378e-05 1.37215e-06
0.3 2.17 1.51938e-05 2.10294e-07 8.37786e-07 1.15957e-08
0.3 2.18 1.27673e-05 1.7671e-07 2.24723e-07 3.11035e-09
0.3 2.19 1.07197e-05 1.4837e-07 4.89861e-06 6.78008e-08
0.3 2.2 8.99335e-06 1.24475e-07 1.41782e-06 1.96239e-08
0.3 2.21 7.53897e-06 1.04346e-07 6.6498e-06 9.20388e-08
0.3 2.22 6.31473e-06 8.74011e-08 1.89095e-05 2.61724e-07
0.3 2.23 5.28507e-06 7.31497e-08 8.88569e-06 1.25564e-07
0.3 2.24 4.41976e-06 6.11731e-08 9.33737e-05 1.29237e-06
0.3 2.25 3.69317e-06 5.11165e-08 0.000584721 8.08946e-06
0.3 2.26 3.08356e-06 4.2679e-08 0.00057509 7.95972e-06
0.3 2.27 2.57252e-06 3.56058e-08 0.00053134 7.35419e-06
0.3 2.28 2.14445e-06 2.9681e-08 0.000429435 5.94373e-06
0.3 2.29 1.78619e-06 2.47224e-08 0.000399946 5.53559e-06
0.3 2.3 1.48659e-06 2.05756e-08 0.000435584 6.02884e-06
0.3 2.45 8.59908e-08 1.19018e-09 2.40302e-05 3.32597e-07
0.3 2.5 3.19522e-08 4.42245e-10 3.58961e-06 4.96831e-08
0.3 2.55 1.16376e-08 1.61074e-10 0.000163452 2.26231e-06
0.3 2.6 4.1547e-09 5.75045e-11 0.000173593 2.40267e-06
0.3 2.65 1.45389e-09 2.0123e-11 3.87341e-06 5.3857e-08
0.3 2.7 4.98695e-10 6.90236e-12 0.000715851 9.90798e-06
0.3 2.75 1.6767e-10 2.32069e-12 0.000277516 3.84105e-06
0.3 2.8 5.5257e-11 7.64803e-13 6.24047e-05 8.63733e-07
0.3 2.9 5.65192e-12 7.82273e-14 1.62441e-05 2.24832e-07
0.3 3 5.33656e-13 7.38624e-15 5.50658e-06 7.62157e-08
0.3 3.3 2.77968e-16 3.84731e-18 0.00167311 2.31572e-05
0.3 3.7 3.80099e-21 5.26088e-23 0.000430925 5.96436e-06
0.3 4 3.68991e-25 5.10714e-27 0.000132335 1.83163e-06


