#Q, Delta, Ana T,L, Num T,L;   11 values of Q (for Gnuplot)
#1, 2,         3,4,     5,6
'Q=0.01'
0.01 0.001 3.68318 5.66425e-05 3.36253e-05 5.17114e-10
0.01 0.01 3.68312 5.66417e-05 3.36248e-05 5.17106e-10
0.01 0.02 3.68295 5.6639e-05 3.36232e-05 5.17082e-10
0.01 0.05 3.68175 5.66205e-05 3.36123e-05 5.16913e-10
0.01 0.1 3.67745 5.65544e-05 3.3573e-05 5.16309e-10
0.01 0.3 3.63193 5.58543e-05 3.31574e-05 5.09918e-10
0.01 0.5 3.54256 5.448e-05 3.23415e-05 4.9737e-10
0.01 0.7 3.41262 5.24816e-05 3.11417e-05 4.78919e-10
0.01 1 3.1521 4.84752e-05 2.8766e-05 4.42383e-10
0.01 1.2 2.94337 4.52652e-05 2.68718e-05 4.13254e-10
0.01 1.5 2.5946 3.99015e-05 2.36876e-05 3.64284e-10
0.01 1.7 2.3485 3.61169e-05 2.14408e-05 3.29732e-10
0.01 2 1.97573 3.03842e-05 1.80373e-05 2.77391e-10
0.01 2.3 1.6162 2.4855e-05 1.47551e-05 2.26915e-10
0.01 2.7 1.18371 1.8204e-05 1.08063e-05 1.66187e-10
0.01 3 0.907007 1.39486e-05 8.27601e-06 1.27274e-10


'Q=0.02'
0.02 0.001 3.6825 0.000226528 3.36191e-05 2.06807e-09
0.02 0.01 3.68245 0.000226525 3.36186e-05 2.06804e-09
0.02 0.02 3.68227 0.000226514 3.3617e-05 2.06795e-09
0.02 0.05 3.68107 0.00022644 3.36061e-05 2.06727e-09
0.02 0.1 3.67677 0.000226176 3.35668e-05 2.06486e-09
0.02 0.3 3.63126 0.000223376 3.31513e-05 2.0393e-09
0.02 0.5 3.54191 0.00021788 3.23355e-05 1.98911e-09
0.02 0.7 3.41199 0.000209888 3.11359e-05 1.91532e-09
0.02 1 3.15152 0.000193865 2.87607e-05 1.76921e-09
0.02 1.2 2.94283 0.000181028 2.68669e-05 1.65271e-09
0.02 1.5 2.59412 0.000159577 2.36832e-05 1.45687e-09
0.02 1.7 2.34807 0.000144441 2.14369e-05 1.31868e-09
0.02 2 1.97537 0.000121515 1.8034e-05 1.10936e-09
0.02 2.3 1.6159 9.94017e-05 1.47524e-05 9.07491e-10
0.02 2.7 1.1835 7.28025e-05 1.08043e-05 6.64625e-10
0.02 3 0.906839 5.5784e-05 8.27448e-06 5.09003e-10


'Q=0.03'
0.03 0.001 3.68137 0.000509532 3.36088e-05 4.65174e-09
0.03 0.01 3.68131 0.000509524 3.36083e-05 4.65166e-09
0.03 0.02 3.68114 0.0005095 3.36067e-05 4.65145e-09
0.03 0.05 3.67994 0.000509334 3.35957e-05 4.64993e-09
0.03 0.1 3.67564 0.000508739 3.35565e-05 4.6445e-09
0.03 0.3 3.63014 0.000502442 3.31411e-05 4.587e-09
0.03 0.5 3.54082 0.000490079 3.23256e-05 4.47413e-09
0.03 0.7 3.41094 0.000472102 3.11264e-05 4.30815e-09
0.03 1 3.15055 0.000436062 2.87518e-05 3.97949e-09
0.03 1.2 2.94192 0.000407187 2.68586e-05 3.71746e-09
0.03 1.5 2.59332 0.000358937 2.36759e-05 3.27694e-09
0.03 1.7 2.34735 0.000324892 2.14303e-05 2.96613e-09
0.03 2 1.97476 0.000273324 1.80285e-05 2.49529e-09
0.03 2.3 1.6154 0.000223585 1.47479e-05 2.04123e-09
0.03 2.7 1.18313 0.000163755 1.0801e-05 1.49495e-09
0.03 3 0.906561 0.000125476 8.27194e-06 1.1449e-09


'Q=0.05'
0.05 0.001 3.67775 0.00141398 3.35757e-05 1.29088e-08
0.05 0.01 3.67769 0.00141395 3.35752e-05 1.29086e-08
0.05 0.02 3.67752 0.00141389 3.35737e-05 1.2908e-08
0.05 0.05 3.67632 0.00141342 3.35627e-05 1.29038e-08
0.05 0.1 3.67203 0.00141178 3.35235e-05 1.28887e-08
0.05 0.3 3.62657 0.0013943 3.31085e-05 1.27291e-08
0.05 0.5 3.53734 0.00135999 3.22938e-05 1.24159e-08
0.05 0.7 3.40758 0.00131011 3.10957e-05 1.19553e-08
0.05 1 3.14745 0.00121009 2.87235e-05 1.10433e-08
0.05 1.2 2.93903 0.00112996 2.68322e-05 1.03161e-08
0.05 1.5 2.59077 0.000996067 2.36526e-05 9.09366e-09
0.05 1.7 2.34504 0.000901591 2.14092e-05 8.23114e-09
0.05 2 1.97282 0.000758486 1.80107e-05 6.92454e-09
0.05 2.3 1.61381 0.000620459 1.47334e-05 5.6645e-09
0.05 2.7 1.18197 0.000454428 1.07904e-05 4.14855e-09
0.05 3 0.905669 0.0003482 8.2638e-06 3.17716e-09


'Q=0.1'
0.1 0.001 3.66084 0.00562989 3.34213e-05 5.13977e-08
0.1 0.01 3.66078 0.0056298 3.34208e-05 5.13969e-08
0.1 0.02 3.66061 0.00562954 3.34193e-05 5.13945e-08
0.1 0.05 3.65941 0.0056277 3.34083e-05 5.13777e-08
0.1 0.1 3.65514 0.00562113 3.33693e-05 5.13177e-08
0.1 0.3 3.60989 0.00555155 3.29563e-05 5.06824e-08
0.1 0.5 3.52107 0.00541495 3.21453e-05 4.94353e-08
0.1 0.7 3.39191 0.00521632 3.09527e-05 4.76013e-08
0.1 1 3.13297 0.00481811 2.85915e-05 4.39699e-08
0.1 1.2 2.92552 0.00449906 2.67088e-05 4.10747e-08
0.1 1.5 2.57886 0.00396595 2.35439e-05 3.62074e-08
0.1 1.7 2.33425 0.00358978 2.13107e-05 3.27732e-08
0.1 2 1.96375 0.00301999 1.79279e-05 2.75708e-08
0.1 2.3 1.60639 0.00247042 1.46656e-05 2.25538e-08
0.1 2.7 1.17653 0.00180936 1.07407e-05 1.65179e-08
0.1 3 0.901504 0.0013864 8.2258e-06 1.26502e-08


'Q=0.15'
0.15 0.001 3.63286 0.0125705 3.3166e-05 1.14761e-07
0.15 0.01 3.63281 0.0125703 3.31655e-05 1.14759e-07
0.15 0.02 3.63264 0.0125697 3.31639e-05 1.14754e-07
0.15 0.05 3.63145 0.0125656 3.31531e-05 1.14717e-07
0.15 0.1 3.62721 0.0125509 3.31144e-05 1.14583e-07
0.15 0.3 3.58231 0.0123955 3.27044e-05 1.13164e-07
0.15 0.5 3.49416 0.0120905 3.18997e-05 1.10379e-07
0.15 0.7 3.366 0.011647 3.07162e-05 1.06285e-07
0.15 1 3.10904 0.0107579 2.8373e-05 9.81765e-08
0.15 1.2 2.90316 0.0100455 2.65047e-05 9.17119e-08
0.15 1.5 2.55915 0.0088552 2.3364e-05 8.08441e-08
0.15 1.7 2.31642 0.00801529 2.11479e-05 7.31762e-08
0.15 2 1.94874 0.00674306 1.77909e-05 6.15603e-08
0.15 2.3 1.59412 0.00551598 1.45536e-05 5.03583e-08
0.15 2.7 1.16754 0.00403994 1.06587e-05 3.68812e-08
0.15 3 0.894616 0.00309556 8.16295e-06 2.82455e-08


'Q=0.2'
0.2 0.001 3.59415 0.0221094 3.28125e-05 2.01846e-07
0.2 0.01 3.5941 0.022109 3.2812e-05 2.01843e-07
0.2 0.02 3.59393 0.022108 3.28105e-05 2.01833e-07
0.2 0.05 3.59275 0.0221008 3.27998e-05 2.01767e-07
0.2 0.1 3.58856 0.022075 3.27615e-05 2.01532e-07
0.2 0.3 3.54414 0.0218017 3.23559e-05 1.99037e-07
0.2 0.5 3.45693 0.0212652 3.15597e-05 1.94139e-07
0.2 0.7 3.33013 0.0204852 3.03889e-05 1.86937e-07
0.2 1 3.0759 0.0189214 2.80706e-05 1.72676e-07
0.2 1.2 2.87222 0.0176684 2.62223e-05 1.61306e-07
0.2 1.5 2.53188 0.0155748 2.3115e-05 1.42191e-07
0.2 1.7 2.29173 0.0140976 2.09226e-05 1.28705e-07
0.2 2 1.92798 0.0118599 1.76013e-05 1.08274e-07
0.2 2.3 1.57713 0.00970168 1.43985e-05 8.85719e-08
0.2 2.7 1.1551 0.00710558 1.05451e-05 6.48679e-08
0.2 3 0.885083 0.00544457 8.07596e-06 4.96791e-08


'Q=0.3'
0.3 0.001 3.48635 0.048254 3.18284e-05 4.40531e-07
0.3 0.01 3.48629 0.0482532 3.18279e-05 4.40524e-07
0.3 0.02 3.48613 0.048251 3.18264e-05 4.40504e-07
0.3 0.05 3.48499 0.0482352 3.1816e-05 4.4036e-07
0.3 0.1 3.48092 0.0481789 3.17788e-05 4.39846e-07
0.3 0.3 3.43783 0.0475825 3.13854e-05 4.34401e-07
0.3 0.5 3.35324 0.0464117 3.06131e-05 4.23711e-07
0.3 0.7 3.23024 0.0447092 2.94774e-05 4.07992e-07
0.3 1 2.98365 0.0412961 2.72287e-05 3.76868e-07
0.3 1.2 2.78607 0.0385616 2.54358e-05 3.52052e-07
0.3 1.5 2.45594 0.0339922 2.24217e-05 3.10335e-07
0.3 1.7 2.223 0.0307681 2.0295e-05 2.809e-07
0.3 2 1.87015 0.0258844 1.70734e-05 2.3631e-07
0.3 2.3 1.52983 0.0211741 1.39666e-05 1.93309e-07
0.3 2.7 1.12046 0.015508 1.02288e-05 1.41575e-07
0.3 3 0.858535 0.0118828 7.83373e-06 1.08425e-07


'Q=0.33'
0.33 0.001 3.44665 0.0577225 3.1466e-05 5.26973e-07
0.33 0.01 3.4466 0.0577216 3.14655e-05 5.26965e-07
0.33 0.02 3.44644 0.0577189 3.1464e-05 5.26941e-07
0.33 0.05 3.44531 0.0577 3.14537e-05 5.26768e-07
0.33 0.1 3.44129 0.0576327 3.1417e-05 5.26153e-07
0.33 0.3 3.39869 0.0569192 3.10281e-05 5.1964e-07
0.33 0.5 3.31506 0.0555187 3.02646e-05 5.06853e-07
0.33 0.7 3.19346 0.0534822 2.91418e-05 4.8805e-07
0.33 1 2.94967 0.0493994 2.69187e-05 4.50818e-07
0.33 1.2 2.75435 0.0461283 2.51462e-05 4.21133e-07
0.33 1.5 2.42798 0.0406623 2.21664e-05 3.71229e-07
0.33 1.7 2.19768 0.0368055 2.00639e-05 3.36019e-07
0.33 2 1.84886 0.0309635 1.6879e-05 2.82679e-07
0.33 2.3 1.51241 0.0253289 1.38076e-05 2.31241e-07
0.33 2.7 1.1077 0.0185511 1.01123e-05 1.69355e-07
0.33 3 0.84876 0.0142145 7.74453e-06 1.29701e-07


'Q=0.37'
0.37 0.001 3.38888 0.0713475 3.09385e-05 6.51362e-07
0.37 0.01 3.38883 0.0713464 3.0938e-05 6.51352e-07
0.37 0.02 3.38867 0.0713431 3.09366e-05 6.51322e-07
0.37 0.05 3.38756 0.0713198 3.09265e-05 6.51109e-07
0.37 0.1 3.38361 0.0712366 3.08904e-05 6.50349e-07
0.37 0.3 3.34172 0.0703547 3.0508e-05 6.42298e-07
0.37 0.5 3.25949 0.0686236 2.97573e-05 6.26493e-07
0.37 0.7 3.13993 0.0661064 2.86533e-05 6.03251e-07
0.37 1 2.90023 0.0610598 2.64674e-05 5.57231e-07
0.37 1.2 2.70818 0.0570166 2.47247e-05 5.20539e-07
0.37 1.5 2.38728 0.0502604 2.17948e-05 4.58856e-07
0.37 1.7 2.16085 0.0454932 1.97276e-05 4.15334e-07
0.37 2 1.81786 0.0382723 1.65961e-05 3.49404e-07
0.37 2.3 1.48706 0.0313076 1.35761e-05 2.85824e-07
0.37 2.7 1.08913 0.0229299 9.94283e-06 2.09331e-07
0.37 3 0.834533 0.0175698 7.61472e-06 1.60316e-07


'Q=0.4'
0.4 0.001 3.34212 0.082236 3.05117e-05 7.50768e-07
0.4 0.01 3.34207 0.0822347 3.05112e-05 7.50756e-07
0.4 0.02 3.34192 0.0822309 3.05098e-05 7.50721e-07
0.4 0.05 3.34082 0.082204 3.04998e-05 7.50476e-07
0.4 0.1 3.33692 0.0821081 3.04642e-05 7.496e-07
0.4 0.3 3.29561 0.0810916 3.00871e-05 7.4032e-07
0.4 0.5 3.21452 0.0790963 2.93467e-05 7.22103e-07
0.4 0.7 3.09661 0.076195 2.8258e-05 6.95314e-07
0.4 1 2.86022 0.0703783 2.61023e-05 6.42271e-07
0.4 1.2 2.67082 0.065718 2.43835e-05 5.99979e-07
0.4 1.5 2.35434 0.0579307 2.14941e-05 5.28883e-07
0.4 1.7 2.13103 0.052436 1.94554e-05 4.78719e-07
0.4 2 1.79278 0.0441131 1.63671e-05 4.02727e-07
0.4 2.3 1.46654 0.0360855 1.33888e-05 3.29444e-07
0.4 2.7 1.0741 0.0264293 9.80565e-06 2.41277e-07
0.4 3 0.823019 0.0202511 7.50966e-06 1.84782e-07


